# This file may be used to create an environment using:
# $ conda create --name <env> --file <this file>
# platform: win-64
brotli=1.0.9=h8ffe710_6
brotli-bin=1.0.9=h8ffe710_6
ca-certificates=2021.10.8=h5b45459_0
certifi=2021.10.8=py38haa244fe_1
cycler=0.11.0=pyhd8ed1ab_0
et_xmlfile=1.0.1=py_1001
fonttools=4.29.1=py38h294d835_0
freetype=2.10.4=h546665d_1
icu=68.2=h0e60522_0
intel-openmp=2022.0.0=h57928b3_3663
jbig=2.1=h8d14728_2003
jpeg=9e=h8ffe710_0
kiwisolver=1.3.2=py38hbd9d945_1
lcms2=2.12=h2a16943_0
lerc=3.0=h0e60522_0
libblas=3.9.0=13_win64_mkl
libbrotlicommon=1.0.9=h8ffe710_6
libbrotlidec=1.0.9=h8ffe710_6
libbrotlienc=1.0.9=h8ffe710_6
libcblas=3.9.0=13_win64_mkl
libclang=11.1.0=default_h5c34c98_1
libdeflate=1.10=h8ffe710_0
liblapack=3.9.0=13_win64_mkl
libpng=1.6.37=h1d00b33_2
libtiff=4.3.0=hc4061b1_3
libwebp=1.2.2=h57928b3_0
libwebp-base=1.2.2=h8ffe710_1
libxcb=1.13=hcd874cb_1004
libzlib=1.2.11=h8ffe710_1013
lz4-c=1.9.3=h8ffe710_1
m2w64-gcc-libgfortran=5.3.0=6
m2w64-gcc-libs=5.3.0=7
m2w64-gcc-libs-core=5.3.0=7
m2w64-gmp=6.1.0=2
m2w64-libwinpthread-git=5.0.0.4634.697f757=2
matplotlib=3.5.1=py38haa244fe_0
matplotlib-base=3.5.1=py38h1f000d6_0
mkl=2022.0.0=h0e2418a_796
msys2-conda-epoch=20160418=1
munkres=1.1.4=pyh9f0ad1d_0
numpy=1.22.2=py38hcf66579_0
openjpeg=2.4.0=hb211442_1
openpyxl=3.0.9=pyhd8ed1ab_0
openssl=1.1.1l=h8ffe710_0
packaging=21.3=pyhd8ed1ab_0
pandas=1.4.1=py38h5d928e2_0
pillow=9.0.1=py38hd8e0db4_2
pip=22.0.3=pyhd8ed1ab_0
pthread-stubs=0.4=hcd874cb_1001
pyparsing=3.0.7=pyhd8ed1ab_0
pyqt=5.12.3=py38haa244fe_8
pyqt-impl=5.12.3=py38h885f38d_8
pyqt5-sip=4.19.18=py38h885f38d_8
pyqtchart=5.12=py38h885f38d_8
pyqtwebengine=5.12.1=py38h885f38d_8
python=3.8.12=h7840368_2_cpython
python-dateutil=2.8.2=pyhd8ed1ab_0
python_abi=3.8=2_cp38
pytz=2021.3=pyhd8ed1ab_0
qt=5.12.9=h5909a2a_4
setuptools=60.9.3=py38haa244fe_0
six=1.16.0=pyh6c4a22f_0
sqlite=3.37.0=h8ffe710_0
tbb=2021.5.0=h2d74725_0
tk=8.6.12=h8ffe710_0
tornado=6.1=py38h294d835_2
ucrt=10.0.20348.0=h57928b3_0
unicodedata2=14.0.0=py38h294d835_0
vc=14.2=hb210afc_6
vs2015_runtime=14.29.30037=h902a5da_6
wheel=0.37.1=pyhd8ed1ab_0
xorg-libxau=1.0.9=hcd874cb_0
xorg-libxdmcp=1.1.3=hcd874cb_0
xz=5.2.5=h62dcd97_1
zlib=1.2.11=h8ffe710_1013
zstd=1.5.2=h6255e5f_0
